       0       0
    0.02       0
    0.04       0
    0.06       0
    0.08       0
     0.1       0
       0    0.02
    0.02    0.02
    0.04    0.02
    0.06    0.02
    0.08    0.02
     0.1    0.02
       0    0.04
    0.02    0.04
    0.04    0.04
    0.06    0.04
    0.08    0.04
     0.1    0.04
       0    0.06
    0.02    0.06
    0.04    0.06
    0.06    0.06
    0.08    0.06
     0.1    0.06
       0    0.08
    0.02    0.08
    0.04    0.08
    0.06    0.08
    0.08    0.08
     0.1    0.08
       0     0.1
    0.02     0.1
    0.04     0.1
    0.06     0.1
/
       1       2       7       0
       2       3       8       0
       3       4       9       0
       4       5      10       0
       5       6      11       0
       7       8      13       0
       8       9      14       0
       9      10      15       0
      10      11      16       0
      11      12      17       0
      13      14      19       0
      14      15      20       0
      15      16      21       0
      16      17      22       0
      17      18      23       0
      19      20      25       0
      20      21      26       0
      21      22      27       0
      22      23      28       0
      23      24      29       0
      25      26      31       0
      26      27      32       0
      27      28      33       0
       8       7       2       0
       9       8       3       0
      10       9       4       0
      11      10       5       0
      12      11       6       0
      14      13       8       0
      15      14       9       0
      16      15      10       0
      17      16      11       0
      18      17      12       0
      20      19      14       0
      21      20      15       0
      22      21      16       0
      23      22      17       0
      24      23      18       0
      26      25      20       0
      27      26      21       0
      28      27      22       0
      29      28      23       0
      30      29      24       0
      32      31      26       0
      33      32      27       0
      34      33      28       0
/
       1       0
       2       0
       3       0
       4       0
       5       0
       6       0
       7       0
      13       0
      19       0
      25       0
      31       0
      28     110
      29     110
      30     110
      34     110
/
